0.552083 0.528318 0.508583 0.413278 0.221870 0.968959 0.789642 0.662554 0.357952 0.216077 0.265544 0.887206 0.818188 0.472554 0.433283 0.400635 0.555509 0.429463 0.314315 0.462317 0.755641 0.546125 0.344707 0.465529 0.461400 0.368141 0.553528 0.747496 0.288160 0.228683 0.850212 0.834988 0.334939 0.818750 0.452650 0.601715 0.359963 0.487731 0.487808 0.312175 0.801752 0.344534 0.396857 0.500430 0.488932 0.253424 0.452205 0.577540 0.661423 0.686314 0.570534 0.503669 0.255671 0.505489 0.704760 0.551218 0.797069 0.295717 0.417071 0.655874 0.600358 0.575108 0.632778 0.410542 0.404889 0.718962 0.558989 0.185283 0.246395 0.469852 0.302015 0.774328 0.561484 0.519816 0.448262 0.095861 0.543608 0.315520 0.309100 0.645382 0.423350 0.505146 0.883239 0.324716 0.517333 0.276746 0.439074 0.493960 0.716287 0.417755 0.651031 0.381425 0.536196 0.676394 0.492588 0.435214 0.430886 0.342679 0.428247 0.430456
0.528318 0.697493 0.458723 0.522018 0.259941 0.646866 0.653498 0.462402 0.725226 0.572358 0.575426 0.809647 0.476368 0.474347 0.020369 0.481006 0.905179 0.629278 0.498244 0.553656 0.270399 0.656225 0.166657 0.498562 0.796212 0.550352 0.675558 0.344803 0.326320 0.159952 0.453527 0.414482 0.576572 0.452442 0.512503 0.873579 0.369213 0.864752 0.371569 0.201931 0.577529 0.212467 0.761900 0.871031 0.584799 0.416669 0.452527 0.551495 0.483936 0.827373 0.849664 0.203936 0.355839 0.364384 0.506185 0.661708 0.155972 0.585115 0.406988 0.557244 0.590868 0.564447 0.444505 0.450737 0.331759 0.635453 0.883872 0.612261 0.337166 0.488942 0.028186 0.274432 0.284884 0.229221 0.243593 0.270635 0.495323 0.515836 0.570634 0.648610 0.632050 0.290523 0.700050 0.416973 0.302091 0.793259 0.846124 0.431278 0.616328 0.513290 0.791668 0.925155 0.442324 0.366550 0.050734 0.359320 0.828494 0.672059 0.654494 0.680459
0.508583 0.458723 0.911294 0.693909 0.533761 0.698620 0.639045 0.673051 0.337963 0.129847 0.086680 0.580427 0.748870 0.458020 0.630208 0.346970 0.559273 0.513044 0.497683 0.799044 0.112880 0.422344 0.431038 0.568813 0.673025 0.490590 0.603560 0.222687 0.653497 0.593842 0.390474 0.423860 0.604363 0.395804 0.651792 0.561500 0.774535 0.717326 0.392558 0.758844 0.557002 0.424761 0.382739 0.552101 0.443365 0.363450 0.632808 0.516017 0.519996 0.600569 0.951423 0.381871 0.198445 0.587653 0.720611 0.444055 0.109841 0.518740 0.266533 0.705668 0.571320 0.790596 0.932364 0.717421 0.547066 0.246085 0.645222 0.437276 0.624319 0.388614 0.819749 0.571906 0.114312 0.408823 0.553796 0.363120 0.583715 0.487851 0.756642 0.649872 0.599491 0.423820 0.457773 0.609027 0.334548 0.496222 0.151733 0.372993 0.269901 0.678958 0.486585 0.718156 0.309276 0.368694 0.971885 0.245134 0.556585 0.356460 0.301606 0.402732
0.413278 0.522018 0.693909 0.530695 0.208378 0.272907 0.511062 0.814362 0.313605 0.216770 0.792199 0.265592 0.505647 0.206095 0.385762 0.901790 0.450064 0.771382 0.496599 0.498712 0.633487 0.490306 0.475649 0.794269 0.448230 0.879256 0.547884 0.667872 0.583757 0.153661 0.160598 0.738889 0.704585 0.264822 0.680563 0.428622 0.653478 0.395051 0.430466 0.445678 0.228326 0.612957 0.352415 0.378853 0.651836 0.403855 0.254604 0.845711 0.333927 0.770757 0.690157 0.192359 0.483037 0.319055 0.162059 0.170274 0.452121 0.712590 0.420523 0.481327 0.540555 0.889936 0.616938 0.603897 0.260841 0.607874 0.817507 0.622952 0.286300 0.556298 0.459294 0.458816 0.434123 0.660550 0.300640 0.445788 0.311466 0.910080 0.583182 0.775346 0.249683 0.224528 0.211477 0.675113 0.067643 0.388217 0.208607 0.395492 0.155452 0.709473 0.266900 0.688081 0.304083 0.670883 0.409945 0.516686 0.473998 0.481005 0.361645 0.825220
0.221870 0.259941 0.533761 0.208378 0.470293 0.569675 0.678315 0.269801 0.599384 0.349366 0.450984 0.938574 0.461111 0.484862 0.670401 0.251853 0.706351 0.615069 0.746728 0.313402 0.460941 0.601646 0.453988 0.472050 0.614017 0.460250 0.806429 0.347564 0.856203 0.748459 0.657314 0.773594 0.233597 0.726661 0.860902 0.296010 0.428186 0.631620 0.519063 0.704898 0.486911 0.716949 0.667600 0.354612 0.535262 0.119830 0.056115 0.387321 0.461594 0.535169 0.604347 0.302951 0.536924 0.448661 0.564846 0.558537 0.497555 0.111589 0.742988 0.708064 0.582926 0.400761 0.395430 0.620617 0.408668 0.129602 0.558471 0.449383 0.466485 0.756937 0.139131 0.459432 0.398014 0.607830 0.233215 0.535831 0.433869 0.898732 0.486027 0.750960 0.165692 0.325293 0.672776 0.562379 0.217280 0.519272 0.401160 0.132195 0.185654 0.608844 0.324967 0.496089 0.241760 0.477089 0.708606 0.756184 0.871618 0.603736 0.825852 0.751768
0.968959 0.646866 0.698620 0.272907 0.569675 0.682873 0.414551 0.581968 0.504338 0.123775 0.733576 0.843681 0.421763 0.548600 0.593425 0.652714 0.512132 0.557305 0.380764 0.263001 0.591877 0.764505 0.583608 0.226481 0.419145 0.362348 0.706732 0.648849 0.018809 0.524172 0.308985 0.335933 0.474498 0.608251 0.456551 0.653800 0.350485 0.446537 0.576300 0.281032 0.639579 0.342223 0.137423 0.618627 0.333119 0.482299 0.075576 0.477337 0.324254 0.655672 0.409488 0.138963 0.505014 0.102735 0.498372 0.323221 0.229453 0.809642 0.479337 0.449489 0.451099 0.768726 0.414643 0.470737 0.619375 0.439537 0.450798 0.338480 0.472606 0.771367 0.313684 0.728302 0.291698 0.315331 0.879963 0.599935 0.969319 0.422764 0.154594 0.373742 0.309024 0.954178 0.657959 0.401431 0.574839 0.543925 0.422066 0.461925 0.215953 0.481391 0.813692 0.155952 0.392634 0.436600 0.287079 0.695456 0.743123 0.474973 0.503567 0.664263
0.789642 0.653498 0.639045 0.511062 0.678315 0.414551 0.543870 0.725821 0.863920 0.415079 0.577444 0.494684 0.887762 0.613386 0.627022 0.493832 0.355733 0.550076 0.179826 0.302529 0.372529 0.511864 0.323998 0.142472 0.588394 0.634865 0.229822 0.550413 0.633914 0.240369 0.550369 0.479988 0.459734 0.843130 0.706596 0.724092 0.211949 0.182464 0.222677 0.731300 0.237240 0.587796 0.804569 0.741169 0.659708 0.270911 0.631176 0.760615 0.910987 0.335445 0.212413 0.329640 0.232070 0.779511 0.728519 0.955282 0.428841 0.956133 0.639861 0.408724 0.476217 0.288250 0.369932 0.341812 0.153883 0.636007 0.763014 0.228489 0.357120 0.773273 0.522662 0.305270 0.259984 0.615589 0.466203 0.547545 0.383588 0.521994 0.486568 0.194706 0.326952 0.486077 0.627882 0.762223 0.287296 0.531427 0.859126 0.774408 0.206283 0.451724 0.496065 0.488358 0.404792 0.562823 0.148864 0.757282 0.294656 0.548116 0.829318 0.515513
0.662554 0.462402 0.673051 0.814362 0.269801 0.581968 0.725821 0.109052 0.800310 0.412365 0.436291 0.675544 0.371070 0.539191 0.601354 0.220023 0.256950 0.700058 0.717469 0.454771 0.240707 0.086199 0.137948 0.498237 0.525071 0.495133 0.416179 0.240593 0.423035 0.392746 0.650486 0.918801 0.501225 0.713754 0.384474 0.684104 0.257052 0.388664 0.153560 0.414324 0.510083 0.395518 0.345432 0.420897 0.734387 0.337460 0.360420 0.893314 0.275846 0.532419 0.370426 0.335767 0.329875 0.443686 0.614975 0.685078 0.488144 0.475787 0.391540 0.687418 0.618181 0.840232 0.492312 0.817419 0.578649 0.590358 0.477931 0.718907 0.538273 0.542363 0.767772 0.785996 0.574361 0.809077 0.186899 0.441941 0.669799 0.323148 0.645867 0.763703 0.787493 0.265647 0.143476 0.534380 0.474081 0.623451 0.701871 0.385716 0.432665 0.402535 0.529724 0.550680 0.701779 0.323441 0.735659 0.105220 0.478443 0.210863 0.193969 0.368102
0.357952 0.725226 0.337963 0.313605 0.599384 0.504338 0.863920 0.800310 0.943292 0.279360 0.383016 0.680875 0.698496 0.730616 0.383438 0.288279 0.716975 0.424278 0.416975 0.564552 0.751100 0.842203 0.359996 0.608719 0.723594 0.341790 0.270687 0.844962 0.677804 0.408949 0.124766 0.438872 0.335890 0.503940 0.990665 0.725549 0.526704 0.616835 0.344638 0.275266 0.535959 0.112252 0.603188 0.193685 0.678258 0.550996 0.486565 0.283929 0.509739 0.527074 0.479271 0.466582 0.231667 0.647211 0.675701 0.451989 0.394453 0.468908 0.498728 0.692627 0.293679 0.585481 0.813601 0.247309 0.414053 0.302251 0.761252 0.484918 0.345624 0.860310 0.314244 0.415785 0.209286 0.840656 0.671624 0.630811 0.199681 0.101086 0.269937 0.233581 0.505561 0.409765 0.616167 0.596584 0.381231 0.676171 0.458144 0.306480 0.213456 0.321156 0.271413 0.219726 0.451090 0.263422 0.145251 0.482771 0.624191 0.138365 0.891617 0.360202
0.216077 0.572358 0.129847 0.216770 0.349366 0.123775 0.415079 0.412365 0.279360 0.959286 0.592797 0.698613 0.414569 0.669340 0.640336 0.683229 0.233594 0.161684 0.625333 0.403778 0.099782 0.248042 0.358922 0.421508 0.739789 0.775936 0.378620 0.520290 0.547054 0.305637 0.514219 0.401697 0.554017 0.389357 0.615773 0.941546 0.142956 0.605956 0.470283 0.492235 0.432824 0.728814 0.718128 0.672353 0.433263 0.997265 0.259720 0.438658 0.219886 0.596586 0.120780 0.672201 0.212359 0.599139 0.765275 0.403508 0.285971 0.494656 0.125185 0.385733 0.684198 0.505836 0.473912 0.452157 0.567326 0.714123 0.555862 0.311562 0.363531 0.562284 0.716276 0.810908 0.391343 0.713721 0.088052 0.732597 0.469973 0.323137 0.221652 0.231017 0.335916 0.696668 0.050163 0.670205 0.914142 0.972671 0.466146 0.643059 0.649559 0.794257 0.388803 0.423880 0.556219 0.912864 0.192516 0.296395 0.363572 0.374894 0.321111 0.562854
0.265544 0.575426 0.086680 0.792199 0.450984 0.733576 0.577444 0.436291 0.383016 0.592797 0.618382 0.483922 0.665291 0.686685 0.646764 0.266229 0.825954 0.624931 0.761961 0.893400 0.521523 0.531876 0.269362 0.515899 0.418006 0.124187 0.600157 0.254543 0.585843 0.264022 0.750001 0.391545 0.178849 0.537916 0.517984 0.368153 0.469134 0.605078 0.662465 0.299881 0.762336 0.580211 0.573800 0.301914 0.336813 0.455222 0.618608 0.393551 0.415863 0.448892 0.569369 0.619881 0.687324 0.589235 0.701101 0.178780 0.727991 0.076942 0.472799 0.140075 0.452140 0.750489 0.334513 0.140244 0.154392 0.537780 0.461999 0.583734 0.178324 0.374819 0.634957 0.669167 0.774708 0.438527 0.457218 0.862345 0.644891 0.826247 0.519924 0.304051 0.668596 0.954234 0.482446 0.501665 0.618310 0.588086 0.622418 0.492772 0.314319 0.473351 0.605445 0.281014 0.599538 0.622484 0.367767 0.517449 0.308971 0.358882 0.181641 0.428235
0.887206 0.809647 0.580427 0.265592 0.938574 0.843681 0.494684 0.675544 0.680875 0.698613 0.483922 0.939444 0.786324 0.743964 0.637661 0.719477 0.557044 0.630486 0.434984 0.020457 0.561540 0.384145 0.290918 0.997298 0.462854 0.915826 0.957202 0.670540 0.715367 0.489788 0.645005 0.317515 0.488630 0.547343 0.399522 0.594432 0.167225 0.492304 0.673701 0.294464 0.578477 0.471570 0.708696 0.553791 0.716406 0.375352 0.853605 0.192735 0.606967 0.316892 0.664565 0.690542 0.382185 0.654350 0.287519 0.627454 0.262800 0.535224 0.944314 0.448533 0.449289 0.411512 0.307247 0.582047 0.937514 0.569267 0.188884 0.505896 0.325210 0.580783 0.550749 0.091148 0.831933 0.875166 0.129351 0.216830 0.505161 0.245345 0.411110 0.207472 0.270342 0.579569 0.558121 0.314522 0.608381 0.489500 0.796256 0.458479 0.520971 0.133842 0.364858 0.545085 0.611480 0.380906 0.449609 0.638719 0.471320 0.575147 0.600831 0.675063
0.818188 0.476368 0.748870 0.505647 0.461111 0.421763 0.887762 0.371070 0.698496 0.414569 0.665291 0.786324 0.879817 0.641175 0.591876 0.409392 0.646418 0.206774 0.764459 0.609189 0.341944 0.501041 0.355436 0.616121 0.256520 0.391279 0.447838 0.516909 0.378926 0.357909 0.304729 0.266886 0.617182 0.513534 0.545207 0.383742 0.557125 0.663516 0.306543 0.361201 0.666208 0.435854 0.445446 0.635735 0.171349 0.639386 0.471602 0.563384 0.849961 0.142144 0.458359 0.343139 0.631323 0.612163 0.350672 0.840063 0.663881 0.238822 0.333100 0.646511 0.659126 0.721251 0.267100 0.259779 0.300870 0.458181 0.053632 0.467253 0.156774 0.422814 0.400821 0.604144 0.585349 0.435954 0.151680 0.525529 0.209670 0.547202 0.348508 0.408924 0.457032 0.479992 0.303948 0.494540 0.226239 0.528338 0.156167 0.565333 0.728416 0.814254 0.582252 0.691876 0.764715 0.311967 0.611103 0.306963 0.635977 0.096207 0.817163 0.643175
0.472554 0.474347 0.458020 0.206095 0.484862 0.548600 0.613386 0.539191 0.730616 0.669340 0.686685 0.743964 0.641175 0.799935 0.405016 0.896981 0.445170 0.297594 0.278716 0.883418 0.441575 0.582349 0.545645 0.479284 0.564093 0.209387 0.418460 0.265580 0.215422 0.173254 0.542424 0.381838 0.262341 0.516690 0.892239 0.125025 0.553295 0.430673 0.585140 0.352837 0.705036 0.788362 0.646180 0.588121 0.352564 0.506372 0.537662 0.428690 0.129702 0.271164 0.477027 0.402254 0.421210 0.375759 0.487157 0.598438 0.624902 0.541329 0.593553 0.701560 0.487697 0.525194 0.458848 0.468204 0.637122 0.524506 0.731451 0.785149 0.625884 0.542377 0.442268 0.824865 0.491720 0.730189 0.622957 0.638899 0.610998 0.441552 0.481548 0.349179 0.207283 0.763093 0.324943 0.115793 0.312775 0.236755 0.433207 0.318991 0.321036 0.508644 0.365085 0.803199 0.141381 0.825812 0.531966 0.966559 0.213709 0.572678 0.599980 0.726849
0.433283 0.020369 0.630208 0.385762 0.670401 0.593425 0.627022 0.601354 0.383438 0.640336 0.646764 0.637661 0.591876 0.405016 0.747346 0.596967 0.607666 0.697297 0.547066 0.688551 0.480258 0.159392 0.708302 0.224670 0.600039 0.666043 0.459892 0.225521 0.801200 0.296246 0.885235 0.491349 0.005356 0.485839 0.350495 0.229075 0.572521 0.825238 0.303317 0.539255 0.490763 0.517503 0.381638 0.401036 0.517535 0.460569 0.565738 0.840258 0.831241 0.505013 0.500861 0.370663 0.595692 0.694005 0.782472 0.629082 0.223399 0.803662 0.489118 0.446737 0.959722 0.467111 0.577953 0.339044 0.500155 0.939156 0.622357 0.634944 0.364962 0.308066 0.743068 0.621245 0.318220 0.937398 0.282131 0.228529 0.557553 0.155678 0.690860 0.880356 0.070795 0.511231 0.781788 0.264216 0.432188 0.513278 0.925924 0.497280 0.577324 0.884678 0.846647 0.676153 0.784112 0.462262 0.488733 0.600472 0.457441 0.949715 0.409634 0.621444
0.400635 0.481006 0.346970 0.901790 0.251853 0.652714 0.493832 0.220023 0.288279 0.683229 0.266229 0.719477 0.409392 0.896981 0.596967 0.866947 0.657411 0.611604 0.770351 0.134601 0.944200 0.288702 0.394871 0.264525 0.526171 0.312910 0.753477 0.511132 0.644018 0.964594 0.270814 0.778309 0.404212 0.554058 0.600776 0.607363 0.311643 0.297115 0.416843 0.783982 0.494404 0.496783 0.754839 0.353658 0.723892 0.093726 0.834802 0.479122 0.408666 0.436880 0.428372 0.584758 0.309258 0.568300 0.610271 0.606793 0.737583 0.610955 0.526582 0.796239 0.312235 0.578988 0.159324 0.688336 0.675071 0.827975 0.539064 0.297686 0.779879 0.348535 0.334989 0.682736 0.450470 0.601762 0.561514 0.710785 0.617675 0.417222 0.890975 0.853676 0.430616 0.431663 0.527691 0.273563 0.586197 0.389940 0.396214 0.459316 0.266421 0.434832 0.622151 0.639475 0.427493 0.576787 0.524499 0.615647 0.632406 0.263237 0.581957 0.103199
0.555509 0.905179 0.559273 0.450064 0.706351 0.512132 0.355733 0.256950 0.716975 0.233594 0.825954 0.557044 0.646418 0.445170 0.607666 0.657411 0.428185 0.129751 0.117571 0.536734 0.105242 0.482446 0.892003 0.590603 0.084832 0.878813 0.049535 0.486786 0.709539 0.218975 0.244972 0.338854 0.522753 0.407983 0.356415 0.417701 0.750750 0.757059 0.383562 0.680804 0.814522 0.340439 0.973529 0.505308 0.754755 0.938418 0.274196 0.746738 0.641513 0.559733 0.466553 0.387187 0.413897 0.586116 0.803982 0.209927 0.511239 0.738052 0.273067 0.874422 0.640890 0.263086 0.429818 0.822542 0.738822 0.415992 0.380292 0.650234 0.567921 0.537968 0.661362 0.572990 0.499771 0.786365 0.866192 0.588706 0.511053 0.904883 0.562249 0.689714 0.594227 0.401808 0.715699 0.368130 0.094768 0.505195 0.513743 0.901369 0.276313 0.832662 0.487435 0.513001 0.660034 0.805321 0.579392 0.603927 0.445610 0.520004 0.253971 0.559675
0.429463 0.629278 0.513044 0.771382 0.615069 0.557305 0.550076 0.700058 0.424278 0.161684 0.624931 0.630486 0.206774 0.297594 0.697297 0.611604 0.129751 0.536153 0.387667 0.727382 0.659059 0.333192 0.468963 0.306058 0.450776 0.428004 0.525920 0.219566 0.862801 0.672573 0.425291 0.703905 0.867274 0.197162 0.500505 0.353752 0.227586 0.348736 0.436340 0.697733 0.803792 0.490370 0.550481 0.466812 0.685970 0.563785 0.341645 0.139031 0.811278 0.333417 0.493099 0.727555 0.086013 0.909593 0.068053 0.556058 0.517789 0.551174 0.309701 0.494369 0.724110 0.570794 0.392045 0.199290 0.120513 0.211334 0.631001 0.472391 0.617172 0.353858 0.496906 0.570325 0.426287 0.370614 0.486565 0.454184 0.320093 0.338604 0.753048 0.193491 0.584952 0.516189 0.624029 0.636064 0.350434 0.235790 0.728134 0.540764 0.481968 0.345214 0.752167 0.247238 0.483037 0.499304 0.301288 0.280315 0.112948 0.459650 0.462449 0.425473
0.314315 0.498244 0.497683 0.496599 0.746728 0.380764 0.179826 0.717469 0.416975 0.625333 0.761961 0.434984 0.764459 0.278716 0.547066 0.770351 0.117571 0.387667 0.643860 0.398522 0.701235 0.457521 0.607863 0.572544 0.160851 0.367666 0.239612 0.671842 0.229843 0.726334 0.123455 0.784212 0.519004 0.400408 0.687177 0.466763 0.462615 0.270559 0.505954 0.373581 0.801761 0.429204 0.279986 0.697931 0.184099 0.355487 0.196123 0.232321 0.399962 0.472091 0.442168 0.526928 0.649875 0.542448 0.564237 0.404083 0.742565 0.601025 0.516144 0.124494 0.273184 0.834776 0.253915 0.620669 0.497545 0.349181 0.224718 0.166104 0.624928 0.351136 0.627261 0.289180 0.304701 0.607682 0.223077 0.563924 0.408688 0.656978 0.619010 0.427503 0.348809 0.589814 0.508003 0.080681 0.330095 0.256900 0.497887 0.476373 0.198686 0.754325 0.804977 0.530879 0.796042 0.524944 0.463946 0.518144 0.275673 0.676088 0.883837 0.526742
0.462317 0.553656 0.799044 0.498712 0.313402 0.263001 0.302529 0.454771 0.564552 0.403778 0.893400 0.020457 0.609189 0.883418 0.688551 0.134601 0.536734 0.727382 0.398522 0.840145 0.198050 0.588433 0.409969 0.733393 0.175732 0.769850 0.277162 0.392463 0.799119 0.983564 0.564349 0.764096 0.639148 0.567096 0.293664 0.873631 0.882278 0.681984 0.122787 0.537975 0.752525 0.479829 0.711011 0.378502 0.538052 0.333092 0.647096 0.624760 0.235880 0.361971 0.683756 0.327194 0.554110 0.654671 0.628039 0.400788 0.660579 0.391717 0.713870 0.081399 0.659208 0.504476 0.420043 0.337594 0.849595 0.338890 0.601056 0.548319 0.884081 0.262893 0.804974 0.229511 0.498266 0.777171 0.367410 0.134434 0.804079 0.395823 0.243809 0.682559 0.520811 0.480902 0.384732 0.193710 0.505671 0.527106 0.435280 0.667220 0.551943 0.343458 0.371182 0.553079 0.541067 0.260173 0.533679 0.390107 0.232264 0.525580 0.144279 0.514713
0.755641 0.270399 0.112880 0.633487 0.460941 0.591877 0.372529 0.240707 0.751100 0.099782 0.521523 0.561540 0.341944 0.441575 0.480258 0.944200 0.105242 0.659059 0.701235 0.198050 0.343737 0.360258 0.364563 0.189271 0.320576 0.522329 0.801535 0.777884 0.187928 0.831652 0.555903 0.535947 0.429173 0.779483 0.348684 0.372699 0.501078 0.157140 0.227668 0.600087 0.629857 0.719383 0.778568 0.739276 0.288952 0.022935 0.409439 0.789503 0.210664 0.454100 0.673057 0.123001 0.480717 0.299684 0.261699 0.233668 0.525981 0.282945 0.403782 0.428991 0.299412 0.306786 0.616892 0.509031 0.642596 0.477869 0.592472 0.235359 0.685667 0.326682 0.340017 0.619381 0.566326 0.466504 0.785309 0.483137 0.697577 0.498411 0.789086 0.779064 0.689192 0.596068 0.640394 0.212894 0.161969 0.720510 0.228588 0.479237 0.222650 0.562685 0.487299 0.412938 0.746573 0.583070 0.520840 0.473219 0.663348 0.432262 0.270705 0.782533
0.546125 0.656225 0.422344 0.490306 0.601646 0.764505 0.511864 0.086199 0.842203 0.248042 0.531876 0.384145 0.501041 0.582349 0.159392 0.288702 0.482446 0.333192 0.457521 0.588433 0.360258 0.892963 0.436867 0.343202 0.610013 0.264491 0.589722 0.267462 0.368648 0.443706 0.658560 0.213904 0.639060 0.377291 0.468791 0.350220 0.819018 0.089515 0.335672 0.432956 0.428849 0.573093 0.828156 0.228270 0.796200 0.325288 0.494761 0.669446 0.097492 0.397019 0.618162 0.316891 0.686068 0.419949 0.208112 0.636136 0.418751 0.599763 0.621191 0.919573 0.581796 0.480055 0.501840 0.220410 0.218895 0.189175 0.819834 0.843772 0.646654 0.803343 0.303564 0.664643 0.775042 0.117828 0.478118 0.172302 0.610887 0.353365 0.434691 0.615050 0.933907 0.489943 0.177989 0.248039 0.322545 0.613825 0.480518 0.177583 0.184254 0.805574 0.346523 0.248054 0.465065 0.238463 0.361576 0.794374 0.462916 0.343605 0.402649 0.938629
0.344707 0.166657 0.431038 0.475649 0.453988 0.583608 0.323998 0.137948 0.359996 0.358922 0.269362 0.290918 0.355436 0.545645 0.708302 0.394871 0.892003 0.468963 0.607863 0.409969 0.364563 0.436867 0.673922 0.119921 0.453840 0.174532 0.483499 0.549564 0.762255 0.577395 0.075184 0.452589 0.385645 0.373671 0.509872 0.420775 0.267700 0.643005 0.217440 0.460077 0.399039 0.253511 0.599958 0.750267 0.412247 0.467488 0.475172 0.718762 0.539540 0.387489 0.397342 0.667647 0.754290 0.561875 0.510721 0.233642 0.182396 0.411876 0.390379 0.743994 0.578317 0.274004 0.564018 0.358674 0.633299 0.740607 0.715976 0.341521 0.565737 0.348323 0.564859 0.574273 0.451167 0.374869 0.413350 0.822284 0.404444 0.164936 0.446535 0.196225 0.822276 0.479171 0.296555 0.155537 0.776250 0.171965 0.149320 0.164908 0.537602 0.541093 0.213281 0.318957 0.519046 0.583653 0.389230 0.670344 0.371185 0.549172 0.291439 0.176898
0.465529 0.498562 0.568813 0.794269 0.472050 0.226481 0.142472 0.498237 0.608719 0.421508 0.515899 0.997298 0.616121 0.479284 0.224670 0.264525 0.590603 0.306058 0.572544 0.733393 0.189271 0.343202 0.119921 0.963834 0.418641 0.462902 0.768071 0.733827 0.092919 0.321778 0.653681 0.703623 0.295416 0.440906 0.205623 0.514711 0.755157 0.627375 0.465941 0.559546 0.544407 0.543380 0.353299 0.451949 0.614549 0.334922 0.471552 0.847188 0.327751 0.455808 0.491354 0.563775 0.501627 0.399752 0.729996 0.854665 0.440390 0.859012 0.886885 0.525850 0.744053 0.705071 0.699479 0.339769 0.900423 0.563741 0.718088 0.578090 0.257469 0.434837 0.896153 0.498595 0.830636 0.219434 0.655123 0.235101 0.836247 0.279790 0.320157 0.906253 0.837178 0.198927 0.455369 0.396267 0.781097 0.665192 0.894489 0.444695 0.720747 0.488677 0.209466 0.255326 0.496967 0.617264 0.611026 0.390700 0.540220 0.556959 0.369748 0.173983
0.461400 0.796212 0.673025 0.448230 0.614017 0.419145 0.588394 0.525071 0.723594 0.739789 0.418006 0.462854 0.256520 0.564093 0.600039 0.526171 0.084832 0.450776 0.160851 0.175732 0.320576 0.610013 0.453840 0.418641 0.461762 0.227934 0.604060 0.316358 0.293325 0.715515 0.649876 0.591577 0.348784 0.582673 0.808843 0.518371 0.689694 0.158628 0.261308 0.470802 0.632554 0.691386 0.333490 0.226590 0.641648 0.229945 0.748973 0.080138 0.432476 0.075074 0.452430 0.625935 0.477452 0.331582 0.358831 0.396872 0.842707 0.616790 0.577644 0.383000 0.346059 0.667841 0.592955 0.539755 0.827312 0.206568 0.498693 0.344975 0.308227 0.733950 0.414010 0.970595 0.586558 0.223116 0.499110 0.374191 0.635672 0.528366 0.610463 0.322291 0.400161 0.073896 0.231064 0.459204 0.630748 0.245725 0.497999 0.522947 0.415432 0.368219 0.661070 0.605126 0.653803 0.725930 0.422190 0.873442 0.762018 0.211232 0.925632 0.068349
0.368141 0.550352 0.490590 0.879256 0.460250 0.362348 0.634865 0.495133 0.341790 0.775936 0.124187 0.915826 0.391279 0.209387 0.666043 0.312910 0.878813 0.428004 0.367666 0.769850 0.522329 0.264491 0.174532 0.462902 0.227934 0.046013 0.812952 0.533218 0.643260 0.719559 0.381650 0.436350 0.428782 0.606398 0.566607 0.465580 0.162055 0.529881 0.478456 0.291405 0.649613 0.525993 0.572355 0.380300 0.730771 0.599606 0.490882 0.277429 0.459365 0.729315 0.519940 0.416819 0.485147 0.565040 0.513954 0.596466 0.315505 0.635263 0.384773 0.705318 0.584431 0.440619 0.134776 0.493547 0.919137 0.119510 0.345224 0.628973 0.215612 0.375048 0.274256 0.819972 0.268804 0.791569 0.571520 0.442678 0.328103 0.163690 0.319329 0.562471 0.335237 0.359784 0.920055 0.103643 0.455575 0.432516 0.939464 0.346904 0.528083 0.933109 0.902976 0.555946 0.313929 0.387988 0.751583 0.200756 0.707910 0.440532 0.631585 0.635502
0.553528 0.675558 0.603560 0.547884 0.806429 0.706732 0.229822 0.416179 0.270687 0.378620 0.600157 0.957202 0.447838 0.418460 0.459892 0.753477 0.049535 0.525920 0.239612 0.277162 0.801535 0.589722 0.483499 0.768071 0.604060 0.812952 0.407306 0.887011 0.409790 0.285301 0.705283 0.220552 0.083725 0.517388 0.610726 0.665528 0.370860 0.235413 0.194272 0.241173 0.676844 0.441625 0.295993 0.804060 0.621636 0.199216 0.728849 0.483260 0.453330 0.801187 0.604137 0.501440 0.386462 0.346324 0.945956 0.643764 0.780770 0.675808 0.481005 0.286553 0.371085 0.433656 0.217715 0.176070 0.349163 0.931811 0.672629 0.249494 0.298968 0.424262 0.590589 0.580009 0.287907 0.621090 0.861051 0.574703 0.129188 0.203584 0.432972 0.462215 0.133966 0.415632 0.257954 0.330887 0.326731 0.605361 0.795426 0.390357 0.284807 0.264409 0.426394 0.446293 0.695695 0.389738 0.642867 0.484429 0.266311 0.445492 0.204121 0.700279
0.747496 0.344803 0.222687 0.667872 0.347564 0.648849 0.550413 0.240593 0.844962 0.520290 0.254543 0.670540 0.516909 0.265580 0.225521 0.511132 0.486786 0.219566 0.671842 0.392463 0.777884 0.267462 0.549564 0.733827 0.316358 0.533218 0.887011 0.472565 0.306675 0.516315 0.616878 0.511585 0.155938 0.625645 0.492590 0.393800 0.835909 0.234284 0.495520 0.137888 0.819104 0.496766 0.445097 0.345846 0.633807 0.010667 0.466769 0.194022 0.911100 0.793093 0.335591 0.493023 0.210242 0.442081 0.238149 0.328318 0.811082 0.570364 0.480025 0.484147 0.530790 0.152848 0.280270 0.139327 0.588796 0.622400 0.092799 0.246405 0.788236 0.607631 0.403862 0.609002 0.814938 0.632511 0.141914 0.296810 0.314985 0.491669 0.439508 0.366890 0.756515 0.580452 0.723332 0.390548 0.632229 0.209997 0.687700 0.647287 0.274259 0.423420 0.462016 0.521682 0.641609 0.482051 0.563995 0.527267 0.573530 0.475209 0.537111 0.846878
0.288160 0.326320 0.653497 0.583757 0.856203 0.018809 0.633914 0.423035 0.677804 0.547054 0.585843 0.715367 0.378926 0.215422 0.801200 0.644018 0.709539 0.862801 0.229843 0.799119 0.187928 0.368648 0.762255 0.092919 0.293325 0.643260 0.409790 0.306675 0.219090 0.765253 0.661643 0.631544 0.633331 0.453339 0.071769 0.521605 0.445187 0.593915 0.309944 0.567419 0.347764 0.311161 0.332763 0.536235 0.765767 0.424175 0.451401 0.545106 0.856992 0.585111 0.516958 0.329495 0.516424 0.549066 0.740323 0.453103 0.216041 0.382931 0.306420 0.207392 0.756484 0.572039 0.606404 0.268618 0.493080 0.786850 0.485595 0.194611 0.387058 0.509596 0.709066 0.269195 0.723031 0.373700 0.557576 0.849827 0.521819 0.552073 0.344559 0.438670 0.745884 0.469958 0.464196 0.801300 0.767103 0.728412 0.635533 0.674733 0.793388 0.718102 0.255803 0.776624 0.103178 0.464494 0.487413 0.170062 0.645262 0.328560 0.426539 0.114908
0.228683 0.159952 0.593842 0.153661 0.748459 0.524172 0.240369 0.392746 0.408949 0.305637 0.264022 0.489788 0.357909 0.173254 0.296246 0.964594 0.218975 0.672573 0.726334 0.983564 0.831652 0.443706 0.577395 0.321778 0.715515 0.719559 0.285301 0.516315 0.765253 0.946276 0.382271 0.530656 0.501612 0.429962 0.445010 0.287658 0.312055 0.336401 0.493727 0.643446 0.396654 0.436504 0.636137 0.699374 0.209216 0.597780 0.915109 0.282461 0.517966 0.403067 0.778043 0.301060 0.505613 0.552793 0.352809 0.178829 0.421948 0.706861 0.661478 0.602809 0.569562 0.231404 0.802360 0.930303 0.347353 0.580737 0.236456 0.416619 0.655513 0.647466 0.226174 0.333567 0.292956 0.659015 0.882320 0.751641 0.773231 0.195227 0.659512 0.611935 0.475617 0.720470 0.326023 0.551050 0.492043 0.290840 0.292251 0.262354 0.591796 0.467220 0.436409 0.518976 0.525126 0.640164 0.888725 0.142197 0.845908 0.415959 0.572741 0.294588
0.850212 0.453527 0.390474 0.160598 0.657314 0.308985 0.550369 0.650486 0.124766 0.514219 0.750001 0.645005 0.304729 0.542424 0.885235 0.270814 0.244972 0.425291 0.123455 0.564349 0.555903 0.658560 0.075184 0.653681 0.649876 0.381650 0.705283 0.616878 0.661643 0.382271 0.697228 0.254071 0.667996 0.662148 0.431668 0.322072 0.467106 0.808558 0.211521 0.674967 0.115756 0.683776 0.629315 0.822041 0.699850 0.297982 0.320516 0.358384 0.642483 0.401021 0.203250 0.835391 0.412792 0.616527 0.461688 0.243069 0.395296 0.558205 0.265024 0.461967 0.543092 0.823260 0.549054 0.223969 0.569711 0.349974 0.488079 0.379354 0.419837 0.250794 0.449110 0.326088 0.436952 0.655983 0.447867 0.809421 0.598539 0.409653 0.812164 0.505668 0.564051 0.539550 0.170921 0.307734 0.675112 0.143802 0.433766 0.584283 0.395782 0.350414 0.472085 0.493339 0.915008 0.902330 0.363367 0.545249 0.546004 0.374443 0.449785 0.142320
0.834988 0.414482 0.423860 0.738889 0.773594 0.335933 0.479988 0.918801 0.438872 0.401697 0.391545 0.317515 0.266886 0.381838 0.491349 0.778309 0.338854 0.703905 0.784212 0.764096 0.535947 0.213904 0.452589 0.703623 0.591577 0.436350 0.220552 0.511585 0.631544 0.530656 0.254071 0.847945 0.426048 0.505426 0.362972 0.543409 0.413427 0.427067 0.197177 0.302673 0.646042 0.683587 0.261104 0.658143 0.793261 0.274675 0.507243 0.576508 0.493422 0.544616 0.057446 0.358113 0.879273 0.711693 0.597966 0.443018 0.315055 0.811652 0.136717 0.132406 0.565227 0.578198 0.495088 0.479986 0.646318 0.556632 0.183853 0.452463 0.662006 0.574894 0.145374 0.685463 0.528189 0.184972 0.600383 0.623896 0.325598 0.242817 0.443246 0.516030 0.249591 0.634903 0.339471 0.358432 0.686908 0.280583 0.517607 0.545979 0.341074 0.638828 0.282242 0.699205 0.550791 0.239734 0.419112 0.762319 0.474359 0.730760 0.592015 0.333515
0.334939 0.576572 0.604363 0.704585 0.233597 0.474498 0.459734 0.501225 0.335890 0.554017 0.178849 0.488630 0.617182 0.262341 0.005356 0.404212 0.522753 0.867274 0.519004 0.639148 0.429173 0.639060 0.385645 0.295416 0.348784 0.428782 0.083725 0.155938 0.633331 0.501612 0.667996 0.426048 0.203494 0.495893 0.366919 0.687710 0.933638 0.507164 0.548693 0.171720 0.453941 0.820682 0.279346 0.503449 0.862013 0.354957 0.676004 0.335031 0.566738 0.220797 0.514506 0.322151 0.445141 0.396308 0.718224 0.663851 0.556898 0.259537 0.773718 0.580395 0.341157 0.412080 0.658323 0.037731 0.478776 0.524405 0.398204 0.410904 0.345816 0.340788 0.226008 0.824655 0.575483 0.628944 0.907966 0.471842 0.066334 0.813407 0.435642 0.436730 0.510309 0.460752 0.557232 0.599272 0.644241 0.740866 0.645123 0.155903 0.378984 0.365860 0.348344 0.372172 0.775229 0.706935 0.453381 0.487773 0.316635 0.544518 0.456719 0.495093
0.818750 0.452442 0.395804 0.264822 0.726661 0.608251 0.843130 0.713754 0.503940 0.389357 0.537916 0.547343 0.513534 0.516690 0.485839 0.554058 0.407983 0.197162 0.400408 0.567096 0.779483 0.377291 0.373671 0.440906 0.582673 0.606398 0.517388 0.625645 0.453339 0.429962 0.662148 0.505426 0.495893 0.131531 0.377272 0.246754 0.481513 0.184963 0.677939 0.414905 0.149320 0.292109 0.680113 0.708343 0.783066 0.443312 0.389515 0.518675 0.409203 0.432316 0.493624 0.589202 0.431083 0.454615 0.333805 0.145285 0.688882 0.254435 0.578204 0.770000 0.800387 0.573241 0.433895 0.783017 0.434811 0.642141 0.362688 0.133468 0.616277 0.214280 0.195537 0.532501 0.318658 0.689700 0.510839 0.429956 0.624885 0.128980 0.389160 0.282880 0.421806 0.901955 0.699450 0.497417 0.643946 0.342987 0.172444 0.501620 0.756239 0.747479 0.487480 0.512896 0.425213 0.616962 0.287084 0.457053 0.516907 0.549443 0.477394 0.730376
0.452650 0.512503 0.651792 0.680563 0.860902 0.456551 0.706596 0.384474 0.990665 0.615773 0.517984 0.399522 0.545207 0.892239 0.350495 0.600776 0.356415 0.500505 0.687177 0.293664 0.348684 0.468791 0.509872 0.205623 0.808843 0.566607 0.610726 0.492590 0.071769 0.445010 0.431668 0.362972 0.366919 0.377272 0.779692 0.454370 0.655622 0.326660 0.373757 0.607432 0.865807 0.401609 0.184071 0.550740 0.762191 0.378081 0.453010 0.538420 0.486896 0.371260 0.456206 0.547164 0.731326 0.658159 0.408891 0.816440 0.461286 0.392987 0.232520 0.368019 0.253764 0.608413 0.507579 0.195875 0.823878 0.593452 0.382852 0.386439 0.788445 0.645137 0.326857 0.446866 0.481177 0.150527 0.521785 0.735490 0.540496 0.563068 0.337186 0.300042 0.323995 0.372783 0.114256 0.811165 0.554999 0.658049 0.445539 0.313454 0.223990 0.793927 0.223948 0.525755 0.673473 0.048240 0.810929 0.662403 0.469302 0.499498 0.174349 0.523733
0.601715 0.873579 0.561500 0.428622 0.296010 0.653800 0.724092 0.684104 0.725549 0.941546 0.368153 0.594432 0.383742 0.125025 0.229075 0.607363 0.417701 0.353752 0.466763 0.873631 0.372699 0.350220 0.420775 0.514711 0.518371 0.465580 0.665528 0.393800 0.521605 0.287658 0.322072 0.543409 0.687710 0.246754 0.454370 0.906208 0.504544 0.124686 0.560521 0.354097 0.343448 0.537148 0.604591 0.310953 0.870159 0.431283 0.148067 0.622714 0.155738 0.614877 0.576807 0.378007 0.967102 0.896159 0.284556 0.456984 0.469918 0.497498 0.742457 0.608952 0.581162 0.856127 0.804181 0.285168 0.345810 0.380169 0.783800 0.243964 0.673824 0.431742 0.436075 0.423737 0.722746 0.293136 0.698012 0.164637 0.697275 0.441593 0.212541 0.429501 0.461273 0.753949 0.553934 0.396303 0.393948 0.490734 0.666446 0.456135 0.539336 0.186306 0.271343 0.707415 0.394520 0.567909 0.849597 0.135839 0.867660 0.186361 0.828736 0.699153
0.359963 0.369213 0.774535 0.653478 0.428186 0.350485 0.211949 0.257052 0.526704 0.142956 0.469134 0.167225 0.557125 0.553295 0.572521 0.311643 0.750750 0.227586 0.462615 0.882278 0.501078 0.819018 0.267700 0.755157 0.689694 0.162055 0.370860 0.835909 0.445187 0.312055 0.467106 0.413427 0.933638 0.481513 0.655622 0.504544 0.000208 0.162440 0.352387 0.580598 0.372305 0.738669 0.364341 0.797395 0.557792 0.440319 0.381406 0.546360 0.617520 0.453966 0.490530 0.570587 0.698596 0.762355 0.608661 0.681921 0.638671 0.459400 0.436189 0.330910 0.050979 0.557089 0.737134 0.629076 0.821981 0.527493 0.596847 0.179883 0.333639 0.461036 0.127062 0.377069 0.428183 0.520392 0.386564 0.498836 0.614935 0.431445 0.606839 0.364099 0.201404 0.340217 0.666101 0.531002 0.507367 0.676784 0.970188 0.738732 0.546985 0.245790 0.602078 0.561195 0.395687 0.795442 0.193851 0.802080 0.294572 0.508941 0.623214 0.454823
0.487731 0.864752 0.717326 0.395051 0.631620 0.446537 0.182464 0.388664 0.616835 0.605956 0.605078 0.492304 0.663516 0.430673 0.825238 0.297115 0.757059 0.348736 0.270559 0.681984 0.157140 0.089515 0.643005 0.627375 0.158628 0.529881 0.235413 0.234284 0.593915 0.336401 0.808558 0.427067 0.507164 0.184963 0.326660 0.124686 0.162440 0.355756 0.431008 0.786696 0.306813 0.461031 0.619884 0.370031 0.260581 0.716488 0.790614 0.336142 0.579267 0.526106 0.397786 0.491246 0.312310 0.239986 0.393615 0.748767 0.202721 0.537452 0.398214 0.365292 0.176695 0.506988 0.644932 0.795546 0.510011 0.561173 0.254206 0.521942 0.814667 0.217452 0.497240 0.737234 0.240227 0.860410 0.461556 0.598886 0.643202 0.467511 0.387374 0.898097 0.211427 0.516727 0.383703 0.467951 0.304589 0.189581 0.662149 0.389807 0.568642 0.584173 0.486809 0.493963 0.619494 0.451341 0.332898 0.353696 0.189990 0.602888 0.534581 0.558539
0.487808 0.371569 0.392558 0.430466 0.519063 0.576300 0.222677 0.153560 0.344638 0.470283 0.662465 0.673701 0.306543 0.585140 0.303317 0.416843 0.383562 0.436340 0.505954 0.122787 0.227668 0.335672 0.217440 0.465941 0.261308 0.478456 0.194272 0.495520 0.309944 0.493727 0.211521 0.197177 0.548693 0.677939 0.373757 0.560521 0.352387 0.431008 0.301497 0.439452 0.967858 0.773504 0.388778 0.313964 0.499104 0.257584 0.270697 0.778989 0.188848 0.568712 0.430019 0.562885 0.397437 0.542928 0.345105 0.764623 0.391009 0.272228 0.633399 0.443115 0.345301 0.227676 0.861722 0.541047 0.157522 0.319662 0.638266 0.669029 0.420768 0.668688 0.405447 0.246205 0.246037 0.708886 0.646567 0.466602 0.473279 0.945866 0.553559 0.361799 0.615592 0.427018 0.437198 0.229155 0.512302 0.826692 0.363994 0.116984 0.227146 0.728283 0.547409 0.794565 0.641724 0.352307 0.366159 0.395300 0.707375 0.524140 0.157542 0.386274
0.312175 0.201931 0.758844 0.445678 0.704898 0.281032 0.731300 0.414324 0.275266 0.492235 0.299881 0.294464 0.361201 0.352837 0.539255 0.783982 0.680804 0.697733 0.373581 0.537975 0.600087 0.432956 0.460077 0.559546 0.470802 0.291405 0.241173 0.137888 0.567419 0.643446 0.674967 0.302673 0.171720 0.414905 0.607432 0.354097 0.580598 0.786696 0.439452 0.952062 0.389786 0.446560 0.433851 0.222973 0.389580 0.257161 0.629481 0.334151 0.414369 0.570817 0.202543 0.700367 0.625481 0.490064 0.209362 0.365110 0.163578 0.557072 0.420802 0.421802 0.790629 0.648218 0.501128 0.421223 0.205932 0.584936 0.190261 0.736754 0.426727 0.505690 0.921503 0.620642 0.862012 0.550106 0.649653 0.556044 0.401873 0.419440 0.891143 0.432426 0.693865 0.227663 0.186478 0.360625 0.667168 0.723307 0.599588 0.312864 0.573928 0.639603 0.640422 0.762577 0.386454 0.493644 0.151452 0.470806 0.486452 0.646059 0.306138 0.486800
0.801752 0.577529 0.557002 0.228326 0.486911 0.639579 0.237240 0.510083 0.535959 0.432824 0.762336 0.578477 0.666208 0.705036 0.490763 0.494404 0.814522 0.803792 0.801761 0.752525 0.629857 0.428849 0.399039 0.544407 0.632554 0.649613 0.676844 0.819104 0.347764 0.396654 0.115756 0.646042 0.453941 0.149320 0.865807 0.343448 0.372305 0.306813 0.967858 0.389786 0.623121 0.705052 0.393497 0.665084 0.567791 0.068143 0.578472 0.270537 0.804620 0.626515 0.497428 0.360865 0.276544 0.558839 0.474186 0.765036 0.784255 0.722992 0.424237 0.321981 0.383400 0.267247 0.144693 0.895245 0.675671 0.189001 0.336916 0.349569 0.371872 0.772596 0.722421 0.535958 0.461034 0.824458 0.273303 0.358907 0.249413 0.793935 0.353421 0.159066 0.451158 0.398198 0.069079 0.397235 0.548476 0.247211 0.306434 0.134940 0.473604 0.590721 0.630794 0.387802 0.924945 0.562650 0.436606 0.307291 0.345784 0.630192 0.622831 0.745069
0.344534 0.212467 0.424761 0.612957 0.716949 0.342223 0.587796 0.395518 0.112252 0.728814 0.580211 0.471570 0.435854 0.788362 0.517503 0.496783 0.340439 0.490370 0.429204 0.479829 0.719383 0.573093 0.253511 0.543380 0.691386 0.525993 0.441625 0.496766 0.311161 0.436504 0.683776 0.683587 0.820682 0.292109 0.401609 0.537148 0.738669 0.461031 0.773504 0.446560 0.705052 0.056547 0.783325 0.227855 0.645729 0.427781 0.814308 0.525591 0.352598 0.208681 0.080844 0.447359 0.389507 0.504320 0.237255 0.792441 0.819613 0.553819 0.369265 0.359618 0.584798 0.475123 0.661373 0.739576 0.355600 0.647362 0.299100 0.642692 0.442822 0.384401 0.403717 0.426700 0.289173 0.576377 0.457859 0.499538 0.705338 0.399916 0.396852 0.610581 0.499184 0.319749 0.633322 0.361122 0.301198 0.522620 0.534977 0.339744 0.466719 0.389747 0.633300 0.394644 0.549171 0.703935 0.344857 0.596541 0.551874 0.701982 0.186474 0.257366
0.396857 0.761900 0.382739 0.352415 0.667600 0.137423 0.804569 0.345432 0.603188 0.718128 0.573800 0.708696 0.445446 0.646180 0.381638 0.754839 0.973529 0.550481 0.279986 0.711011 0.778568 0.828156 0.599958 0.353299 0.333490 0.572355 0.295993 0.445097 0.332763 0.636137 0.629315 0.261104 0.279346 0.680113 0.184071 0.604591 0.364341 0.619884 0.388778 0.433851 0.393497 0.783325 0.281563 0.426325 0.568694 0.648126 0.427713 0.239396 0.362702 0.408404 0.273493 0.663701 0.661586 0.476981 0.482603 0.389926 0.745401 0.803463 0.622697 0.873071 0.755811 0.821150 0.292144 0.178908 0.379456 0.393257 0.350479 0.564062 0.572058 0.685777 0.715594 0.462214 0.665847 0.535402 0.786935 0.836246 0.256451 0.418643 0.545881 0.318119 0.248985 0.555540 0.570148 0.581255 0.619118 0.804538 0.606801 0.479003 0.913359 0.671845 0.587034 0.567360 0.675967 0.498984 0.323062 0.723501 0.740515 0.668486 0.529361 0.529081
0.500430 0.871031 0.552101 0.378853 0.354612 0.618627 0.741169 0.420897 0.193685 0.672353 0.301914 0.553791 0.635735 0.588121 0.401036 0.353658 0.505308 0.466812 0.697931 0.378502 0.739276 0.228270 0.750267 0.451949 0.226590 0.380300 0.804060 0.345846 0.536235 0.699374 0.822041 0.658143 0.503449 0.708343 0.550740 0.310953 0.797395 0.370031 0.313964 0.222973 0.665084 0.227855 0.426325 0.455484 0.757158 0.819383 0.595278 0.577915 0.417284 0.936198 0.553076 0.459701 0.733322 0.446814 0.869178 0.707336 0.257427 0.475763 0.443733 0.741498 0.548451 0.782768 0.651510 0.763704 0.349326 0.478229 0.416898 0.410587 0.879003 0.529810 0.773616 0.474399 0.556884 0.382580 0.874040 0.383895 0.518051 0.376858 0.345639 0.817894 0.211034 0.966803 0.586075 0.333650 0.450984 0.373417 0.796177 0.839782 0.498791 0.150641 0.624683 0.186304 0.322995 0.346335 0.170716 0.463840 0.779816 0.380825 0.706290 0.397962
